
001008019031102040102102048102102077102102102102102102102080102102102102102102097097097097097097097097097097102102086102102102
102002102102102102102102102102102102102102102102102102102102102102102102102102102102102102102102102102102102102102102102102102
102102102102102102102102102102102102102102102102102102003102102102102102102102102102102102102102102102102102102102102102102102
102102102102102102102102102102102102102102102102102102102004102102102102102102102102102102102102102102102102102102102102102102
102102102102102102102102102102102102102102102102102005102102102102102102102102102102102102102102102102102102102102102102102102
006102102102102102102102102102102102102102102102102102102102102102102102102102102102102102102102102102102102102102102102102102
102102007102102102102102102102102102102102102102102102102102102102102102102102102102102102102102102102102102102102102102102102
102102102102102102102102102102102102102102102102102102102101102102102102102102102102102102102102102102102102102102102102102102
102102102102102102102102102102102102102102009102102014102102102102102102017102102102102102102102102102102102102102102102102102
102102102102102102102102102102102102102102010102102102102102102102102102102102102102102102102102102102102102102102102102102102 
102102102102102102102102102102102011102102102102102102102102102102102102102102102102102102102102102102102102102102102102102102
102102102102012102102102102102102102102102102102102102102102102102102102102102102102102102102102102102102102102102102102102102
013102102102102102102102102102102102102102102102102102102102102102102102102102102102102102102102102102102102102102102102102102
102102102102102102102102102102102102102101102102102102102102102102102102102102102102102102102102102102102102102102102102102102
102102102102015102102102102102102102102102102102102102102102102102102102102102102102102102102102102102102102102102102102102102
016102102102102102102102102102102102102102102102102102102102102102102102102102102102102102102102102102102102102102102102102102
102102102102102102102102102102101102102102102102102102102102102102102102102102102102102102102102102102102102102102102102102102
102102102102102102102102102102102102102102102102102102102018102102102102102102102102102102102102102102102102102102102102102102
102102102102101102102102102102102102102102102102102102102102102102102102102102102102102102102102102102102102102102102102102102
020102102102102102102102102102102102102102024102102102102102102102102102102102102102102102102102102102102102102102102102102102
102102102102102102102102102102102102102102102102102102021022102102102102102102102102102102102102102102102102102102102102102102
102102102102101102102102102102102102102102102102102102102102102102102102102102102102102102102102102102102102102102102102102102
102102023102102102102102102102102102102102102102102102102102102102102102102102102102102102102102102102102102102102102102102102
102102102102102102102101102102102102102102102102102102102102102102102102102102102102102102102102102102102102102102102102102102
102102102102102102102102102102102102102025102102102102102102102102102102102102102102102102102102102102102102102102102102102102
102102102102102102102102102102102102102102102102102102026027102102102102102102102102102102102102102102102102102102102102102102
102102102102102102102102102102102102102102102102102102102101102102102102102102102102102102102102102102102102102102102102102102
102102102102102102102102028102102102102102102102102102102102102102102102102102102102102102102102102102102102102102102102102102
102102102102102102102102102102102102102029102102102102102102102102102102102102102102102102102102102102102102102102102102102102
102102102102102102102102102102102102102102102102102102102102030102102102102102102102102102102102102102102102102102102102102102
102102102102101102102102102102102102102102102102102102102102102102102102102102102102102102102102102102102102102102102102102102
102102102102032102102102102102102102102102089102102102102102102102102102102102102102102102102102102102102102102102102102102102
102102102102102033102102102102102102102102102102102102102102102102102102102102102102102102102102102102102102102102102102102102
034102102102102102102102102102102102102102102102102102102102102102102102102102102102102102102102102102102102102102102102102102
102102102102102102102102102102102102102102102102102102102102035102102102102102102102102102102102102102102102102102102102102102
102102102102102102102102102102102036102102102102102102102102102102102102102102102102102102102102102102102102102102102102102102
102102102102102102102102102102102102102102102102102102102101102102102102102102102102102102102102102102102102102102102102102102
102038102102102102102102102102102102102102102102102102102102102102102102102102102102102102102102102102102102102102102102102102
102102102102102102102102102102102039102102102102102102102102102102102102102102102102102102102102102102102102102102102102102102
102102102102090102102102102102102102102102102102102102102102102102102102102102102102102102102102102102102102102102102102102102
102102102102102102102102041102102045102102102102102102102102102102102102102102102102102102102102102102102102102102102102102102
102102102102102102102102102102102102102042102102102102102102102102102102102102102102102102102102102102102102102102102102102102
043102102102102102102102102102102102102102102102102102102102102102102102102102102102102102102102102102102102102102102102102102
102102102102102102102102102102102091102102102102102102102102102102102102102102102102102102102102102102102102102102102102102102
102102102102102102102102102102102102102102102102102102102102102102102102101102102102102102102102102102102102102102102102102102
102102102102102102102102102102102102102102046102102102102102102102102102102102102102102102102102102102102102102102102102102102
047102102102102102102102102102102102102102102102102102102102102102102102102102102102102102102102102102102102102102102102102102
102102102102102102102102102102102102102102102102102102102092102102102102102102102102102102102102102102102102102102102102102102
102102102102102102102102102102102102049059102102102102102102102102102102102102102102102102102102102102102102102102102102102102
102102102102102102102102102102102102102102102050102102102102102102102102102102102102102102102102102102102102102102102102102102
102102102102102102102102102102102051102102057102102102102102102102102102102102102102102102102102102102102102102102102102102102
102102102102052102102102102102102102102102102102102102102102102102102102102102102102102102102102102102102102102102102102102102
102102102102102102102102102102102102053102102102102102102102102102102102102102102102102102102102102102102102102102102102102102
102102102102054102102102102102102102102102102102102102102102102102102102102102102102102102102102102102102102102102102102102102
102102102102102102102102102102102102102055102102102102102102102102102102102102102102102102102102102102102102102102102102102102
102102102102102102102102102102102102102102102102102102102056102102102102102102102102102102102102102102102102102102102102102102
102102102102102102102102102102102102102102102102102102101102102102102102102102102102102102102102102102102102102102102102102102
102102102102102102102102102102102102102102102102102058102102102102102102102102102102102102102102102102102102102102102102102102
102102102102102102102102102102102102102102102102102102102101102102102102102102102102102102102102102102102102102102102102102102
102102102102102102102102102102102102102102102102102102060093102102102102102102102102102102102102102102102102102102102102102102
102102102102102102102102102102102102102102102102102102102061102102102102102102102102102102102102102102102102102102102102102102
062102102102102102102102102102102102102102102102102102102102102102102102102102102102102102102102102102102102102102102102102102
102102102102102102102102102102102102102063102102102102102102102102102102102102102102102102102102102102102102102102102102102102
102102064102102102102102102102102102102102102102102102102102102102102102102102102102102102102102102102102102102102102102102102
102102102102065102102102102102102102102102102102102102102102102102102102102102102102102102102102102102102102102102102102102102
102102102102102102102102102102102102102102066102102102102102102102102102102102102102102102102102102102102102102102102102102102
102102102102102101102102102102102102102102102102102102102102102102102102102102102102102102102102102102102102102102102102102102
102102102102102102102102102102102102102102102102102068102102102102102102102102102102102102102102102102102102102102102102102102
102102102102102069102102102102102102102102102102102102102102102102102102102102102102102102102102102102102102102102102102102102
070102102102102102102102102102102102102102102102102102102102102102102102102102102102102102102102102102102102102102102102102102
102102071102102102102102102102102102102102102102102102102102102102102102102102102102102102102102102102102102102102102102102102
102102102102101102102102102102102102102102102102102102102102102102102102102102102102102102102102102102102102102102102102102102
073073073073073073073073073073073073073073073073073073073073073073073073073073102102102102102102102102102102102102102102102102
073073073073073073073073073073073073073073073073073073073073073073073073073073073073073073073073073073073073102102102102074102
102102102102102102102102102102102102102102102102102102102102102102102102102102075075075075075075075075075075102102102102102102
102102102102102102102102102102102102102102102102102102102102102102102102102102075075075075075075075075075075076102102102102094
102102102102102102102102102102102102102102102102102102102102102102102102102102076076076076076076076076076076102102102102102094
102102102102102102102102102102102102102102078102102102102102102102102102102102102102102102102102102102102102102102102102102102
102102102102102102102102102102102102102079102102102102102102102102102102102102102102102102102102102102102102102102102102102102
102102102102102102095102102102102102102102102102102102102102102102102102102102102102102102102102102102102102102102102102102102
102102102102102102102081102102102102102102102102102102102102102102102102102102102102102102102102102102102102102102102102102102
102102102102102102102102082102102102102102102102102083102102102102102102102102102102102102102102102102102102102102102102102102
102102102102102102102102102102102102102102102102102102101102102102102102102102102102102102102102102102102102102102102102102102
102102102102102102102102102102102102102102084102102102102102102102102102102102102102102102102102102102102102102102102102102102
102102102102102102102102102102102102102102102102102102102102102102096102102102102102102102102102102102102102102102102102102102
102102102102102102102102102102102102102102102102102102102102102102102102102102098098098098098098098098098098102102102102102102
102102102102102102102102102102102102102102102102102102102102102102102102102102102102102102102102102102102102102087100102102102
087087087087087087087087087087087087087087087087087087087087087087087087087087087087087087087087087087087087087088087087087087
102102102102102102102102102102102102102102102102102102102102102102102102102102102102102102102102102102102102102102099102102102
102102102102102102102102102102102102102102102102102102102102037102102102102102102102102102102102102102102102102102102102102102
102102102102102102102102102102102102102102102102102102102102102102102102102102102102102102102102102102102102102102102072102102
102102102102102102102102102102102044102102102102102102102102102102102102102102102102102102102102102102102102102102102102102102
102102102102102102102102102102102102102102102102102102102102102102102102102102102102102102102102102102102102102102102072102102
102102102102067102102102102102102102102102102102102102102102102102102102102102102102102102102102102102102102102102102072102102
102102102102102102102102102102102102102102102102102102102102102102102102102102102102102102102102102102102102102102086102102102
102102102102102102102102102102102102102102102102102102102102102102102102102102102102102102102102102102102102102102102072102102
102102102102102102102102102102102102102102102102102102101102102102102102102102102102102102102102102102102102102102102102102102
102102102102102102102102102102102102102102102102102102102102102102102102102102097097097097097097097097097097085102102102102102
102102102102102102102102102102102102102102102102102102102102102102102102102102098098098098098098098098098098102102102102102102
102102102102102102102102102102102102102102102102102102102102102102102102102102102102102102102102102102102102102102102102102102
100100100100100100100100100100100100100100100100100100100100100100100100100100100100100100100100100100100100100100100100100100
102102102102102102102102102102102102102102102102102102102102102102102102102102102102102102102102102102102102102102102102102102
102102102102102102102102102102102102102102102102102102102102102102102102102102102102102102102102102102102102102102102102102102
