 //automat of Java................
        int numberState=103;
        int finalStates[]={89,90,91,92,93,94,95,96,97,98,99,100,101};
        char alpha[]={'a','b','c','d','e','f','g','h','i','j','k','l','m','n','o','p','q','r','s','t','u','v','w','x','y','z',
                      '0','1','2','3','4','5','6','7','8','9','.','*','/',' ','=',';'};
        int Table[][]={
/*0  */{1,8,19,31,102,40,102,102,48,102,102,77,102,102,102,102,102,102,102,80,102,102,102,102,102,102,97,97,97,97,97,97,97,97,97,97,102,102,86,102,102,102},//0
/*1  */{102,2,102,102,102,102,102,102,102,102,102,102,102,102,102,102,102,102,102,102,102,102,102,102,102,102,102,102,102,102,102,102,102,102,102,102,102,102,102,102,102,102},//1
/*2  */{102,102,102,102,102,102,102,102,102,102,102,102,102,102,102,102,102,102,3,102,102,102,102,102,102,102,102,102,102,102,102,102,102,102,102,102,102,102,102,102,102,102},//2
/*3  */{102,102,102,102,102,102,102,102,102,102,102,102,102,102,102,102,102,102,102,4,102,102,102,102,102,102,102,102,102,102,102,102,102,102,102,102,102,102,102,102,102,102},//3
/*4  */{102,102,102,102,102,102,102,102,102,102,102,102,102,102,102,102,102,5,102,102,102,102,102,102,102,102,102,102,102,102,102,102,102,102,102,102,102,102,102,102,102,102},//4
/*5  */{6,102,102,102,102,102,102,102,102,102,102,102,102,102,102,102,102,102,102,102,102,102,102,102,102,102,102,102,102,102,102,102,102,102,102,102,102,102,102,102,102,102},//5
/*6  */{102,102,7,102,102,102,102,102,102,102,102,102,102,102,102,102,102,102,102,102,102,102,102,102,102,102,102,102,102,102,102,102,102,102,102,102,102,102,102,102,102,102},//6
/*7  */{102,102,102,102,102,102,102,102,102,102,102,102,102,102,102,102,102,102,102,101,102,102,102,102,102,102,102,102,102,102,102,102,102,102,102,102,102,102,102,102,102,102},//7
/*8  */{102,102,102,102,102,102,102,102,102,102,102,102,102,102,9,102,102,14,102,102,102,102,102,102,17,102,102,102,102,102,102,102,102,102,102,102,102,102,102,102,102,102},//8
/*9  */{102,102,102,102,102,102,102,102,102,102,102,102,102,102,10,102,102,102,102,102,102,102,102,102,102,102,102,102,102,102,102,102,102,102,102,102,102,102,102,102,102,102},//9 
/*10 */{102,102,102,102,102,102,102,102,102,102,102,11,102,102,102,102,102,102,102,102,102,102,102,102,102,102,102,102,102,102,102,102,102,102,102,102,102,102,102,102,102,102},//10
/*11 */{102,102,102,102,12,102,102,102,102,102,102,102,102,102,102,102,102,102,102,102,102,102,102,102,102,102,102,102,102,102,102,102,102,102,102,102,102,102,102,102,102,102},//11
/*12 */{13,102,102,102,102,102,102,102,102,102,102,102,102,102,102,102,102,102,102,102,102,102,102,102,102,102,102,102,102,102,102,102,102,102,102,102,102,102,102,102,102,102},//12
/*13 */{102,102,102,102,102,102,102,102,102,102,102,102,102,101,102,102,102,102,102,102,102,102,102,102,102,102,102,102,102,102,102,102,102,102,102,102,102,102,102,102,102,102},//13
/*14 */{102,102,102,102,15,102,102,102,102,102,102,102,102,102,102,102,102,102,102,102,102,102,102,102,102,102,102,102,102,102,102,102,102,102,102,102,102,102,102,102,102,102},//14
/*15 */{16,102,102,102,102,102,102,102,102,102,102,102,102,102,102,102,102,102,102,102,102,102,102,102,102,102,102,102,102,102,102,102,102,102,102,102,102,102,102,102,102,102},//15
/*16 */{102,102,102,102,102,102,102,102,102,102,101,102,102,102,102,102,102,102,102,102,102,102,102,102,102,102,102,102,102,102,102,102,102,102,102,102,102,102,102,102,102,102},//16
/*17 */{102,102,102,102,102,102,102,102,102,102,102,102,102,102,102,102,102,102,102,18,102,102,102,102,102,102,102,102,102,102,102,102,102,102,102,102,102,102,102,102,102,102},//17
/*18 */{102,102,102,102,101,102,102,102,102,102,102,102,102,102,102,102,102,102,102,102,102,102,102,102,102,102,102,102,102,102,102,102,102,102,102,102,102,102,102,102,102,102},//18
/*19 */{20,102,102,102,102,102,102,102,102,102,102,102,102,102,24,102,102,102,102,102,102,102,102,102,102,102,102,102,102,102,102,102,102,102,102,102,102,102,102,102,102,102},//19
/*20 */{102,102,102,102,102,102,102,102,102,102,102,102,102,102,102,102,102,102,21,22,102,102,102,102,102,102,102,102,102,102,102,102,102,102,102,102,102,102,102,102,102,102},//20
/*21 */{102,102,102,102,101,102,102,102,102,102,102,102,102,102,102,102,102,102,102,102,102,102,102,102,102,102,102,102,102,102,102,102,102,102,102,102,102,102,102,102,102,102},//21
/*22 */{102,102,23,102,102,102,102,102,102,102,102,102,102,102,102,102,102,102,102,102,102,102,102,102,102,102,102,102,102,102,102,102,102,102,102,102,102,102,102,102,102,102},//22
/*23 */{102,102,102,102,102,102,102,101,102,102,102,102,102,102,102,102,102,102,102,102,102,102,102,102,102,102,102,102,102,102,102,102,102,102,102,102,102,102,102,102,102,102},//23
/*24 */{102,102,102,102,102,102,102,102,102,102,102,102,102,25,102,102,102,102,102,102,102,102,102,102,102,102,102,102,102,102,102,102,102,102,102,102,102,102,102,102,102,102},//24
/*25 */{102,102,102,102,102,102,102,102,102,102,102,102,102,102,102,102,102,102,26,27,102,102,102,102,102,102,102,102,102,102,102,102,102,102,102,102,102,102,102,102,102,102},//25
/*26 */{102,102,102,102,102,102,102,102,102,102,102,102,102,102,102,102,102,102,102,101,102,102,102,102,102,102,102,102,102,102,102,102,102,102,102,102,102,102,102,102,102,102},//26
/*27 */{102,102,102,102,102,102,102,102,28,102,102,102,102,102,102,102,102,102,102,102,102,102,102,102,102,102,102,102,102,102,102,102,102,102,102,102,102,102,102,102,102,102},//27
/*28 */{102,102,102,102,102,102,102,102,102,102,102,102,102,29,102,102,102,102,102,102,102,102,102,102,102,102,102,102,102,102,102,102,102,102,102,102,102,102,102,102,102,102},//28
/*29 */{102,102,102,102,102,102,102,102,102,102,102,102,102,102,102,102,102,102,102,102,30,102,102,102,102,102,102,102,102,102,102,102,102,102,102,102,102,102,102,102,102,102},//29
/*30 */{102,102,102,102,101,102,102,102,102,102,102,102,102,102,102,102,102,102,102,102,102,102,102,102,102,102,102,102,102,102,102,102,102,102,102,102,102,102,102,102,102,102},//30
/*31 */{102,102,102,102,32,102,102,102,102,102,102,102,102,102,89,102,102,102,102,102,102,102,102,102,102,102,102,102,102,102,102,102,102,102,102,102,102,102,102,102,102,102},//31
/*32 */{102,102,102,102,102,33,102,102,102,102,102,102,102,102,102,102,102,102,102,102,102,102,102,102,102,102,102,102,102,102,102,102,102,102,102,102,102,102,102,102,102,102},//32
/*33 */{34,102,102,102,102,102,102,102,102,102,102,102,102,102,102,102,102,102,102,102,102,102,102,102,102,102,102,102,102,102,102,102,102,102,102,102,102,102,102,102,102,102},//33
/*34 */{102,102,102,102,102,102,102,102,102,102,102,102,102,102,102,102,102,102,102,102,35,102,102,102,102,102,102,102,102,102,102,102,102,102,102,102,102,102,102,102,102,102},//34
/*35 */{102,102,102,102,102,102,102,102,102,102,102,36,102,102,102,102,102,102,102,102,102,102,102,102,102,102,102,102,102,102,102,102,102,102,102,102,102,102,102,102,102,102},//35
/*36 */{102,102,102,102,102,102,102,102,102,102,102,102,102,102,102,102,102,102,102,101,102,102,102,102,102,102,102,102,102,102,102,102,102,102,102,102,102,102,102,102,102,102},//36
/*37 */{102,38,102,102,102,102,102,102,102,102,102,102,102,102,102,102,102,102,102,102,102,102,102,102,102,102,102,102,102,102,102,102,102,102,102,102,102,102,102,102,102,102},//37
/*38 */{102,102,102,102,102,102,102,102,102,102,102,39,102,102,102,102,102,102,102,102,102,102,102,102,102,102,102,102,102,102,102,102,102,102,102,102,102,102,102,102,102,102},//38
/*39 */{102,102,102,102,90,102,102,102,102,102,102,102,102,102,102,102,102,102,102,102,102,102,102,102,102,102,102,102,102,102,102,102,102,102,102,102,102,102,102,102,102,102},//39
/*40 */{102,102,102,102,102,102,102,102,41,102,102,45,102,102,102,102,102,102,102,102,102,102,102,102,102,102,102,102,102,102,102,102,102,102,102,102,102,102,102,102,102,102},//40
/*41 */{102,102,102,102,102,102,102,102,102,102,102,102,102,42,102,102,102,102,102,102,102,102,102,102,102,102,102,102,102,102,102,102,102,102,102,102,102,102,102,102,102,102},//41
/*42 */{43,102,102,102,102,102,102,102,102,102,102,102,102,102,102,102,102,102,102,102,102,102,102,102,102,102,102,102,102,102,102,102,102,102,102,102,102,102,102,102,102,102},//42
/*43 */{102,102,102,102,102,102,102,102,102,102,102,91,102,102,102,102,102,102,102,102,102,102,102,102,102,102,102,102,102,102,102,102,102,102,102,102,102,102,102,102,102,102},//43
/*44 */{102,102,102,102,102,102,102,102,102,102,102,102,102,102,102,102,102,102,102,102,102,102,102,102,101,102,102,102,102,102,102,102,102,102,102,102,102,102,102,102,102,102},//44
/*45 */{102,102,102,102,102,102,102,102,102,102,102,102,102,102,46,102,102,102,102,102,102,102,102,102,102,102,102,102,102,102,102,102,102,102,102,102,102,102,102,102,102,102},//45
/*46 */{47,102,102,102,102,102,102,102,102,102,102,102,102,102,102,102,102,102,102,102,102,102,102,102,102,102,102,102,102,102,102,102,102,102,102,102,102,102,102,102,102,102},//46
/*47 */{102,102,102,102,102,102,102,102,102,102,102,102,102,102,102,102,102,102,102,92,102,102,102,102,102,102,102,102,102,102,102,102,102,102,102,102,102,102,102,102,102,102},//47
/*48 */{102,102,102,102,102,102,102,102,102,102,102,102,49,59,102,102,102,102,102,102,102,102,102,102,102,102,102,102,102,102,102,102,102,102,102,102,102,102,102,102,102,102},//48
/*49 */{102,102,102,102,102,102,102,102,102,102,102,102,102,102,102,50,102,102,102,102,102,102,102,102,102,102,102,102,102,102,102,102,102,102,102,102,102,102,102,102,102,102},//49
/*50 */{102,102,102,102,102,102,102,102,102,102,102,51,102,102,57,102,102,102,102,102,102,102,102,102,102,102,102,102,102,102,102,102,102,102,102,102,102,102,102,102,102,102},//50
/*51 */{102,102,102,102,52,102,102,102,102,102,102,102,102,102,102,102,102,102,102,102,102,102,102,102,102,102,102,102,102,102,102,102,102,102,102,102,102,102,102,102,102,102},//51
/*52 */{102,102,102,102,102,102,102,102,102,102,102,102,53,102,102,102,102,102,102,102,102,102,102,102,102,102,102,102,102,102,102,102,102,102,102,102,102,102,102,102,102,102},//52
/*53 */{102,102,102,102,54,102,102,102,102,102,102,102,102,102,102,102,102,102,102,102,102,102,102,102,102,102,102,102,102,102,102,102,102,102,102,102,102,102,102,102,102,102},//53
/*54 */{102,102,102,102,102,102,102,102,102,102,102,102,102,55,102,102,102,102,102,102,102,102,102,102,102,102,102,102,102,102,102,102,102,102,102,102,102,102,102,102,102,102},//54
/*55 */{102,102,102,102,102,102,102,102,102,102,102,102,102,102,102,102,102,102,102,56,102,102,102,102,102,102,102,102,102,102,102,102,102,102,102,102,102,102,102,102,102,102},//55
/*56 */{102,102,102,102,102,102,102,102,102,102,102,102,102,102,102,102,102,102,101,102,102,102,102,102,102,102,102,102,102,102,102,102,102,102,102,102,102,102,102,102,102,102},//56
/*57 */{102,102,102,102,102,102,102,102,102,102,102,102,102,102,102,102,102,58,102,102,102,102,102,102,102,102,102,102,102,102,102,102,102,102,102,102,102,102,102,102,102,102},//57
/*58 */{102,102,102,102,102,102,102,102,102,102,102,102,102,102,102,102,102,102,102,101,102,102,102,102,102,102,102,102,102,102,102,102,102,102,102,102,102,102,102,102,102,102},//58
/*59 */{102,102,102,102,102,102,102,102,102,102,102,102,102,102,102,102,102,102,60,93,102,102,102,102,102,102,102,102,102,102,102,102,102,102,102,102,102,102,102,102,102,102},//59
/*60 */{102,102,102,102,102,102,102,102,102,102,102,102,102,102,102,102,102,102,102,61,102,102,102,102,102,102,102,102,102,102,102,102,102,102,102,102,102,102,102,102,102,102},//60
/*61 */{62,102,102,102,102,102,102,102,102,102,102,102,102,102,102,102,102,102,102,102,102,102,102,102,102,102,102,102,102,102,102,102,102,102,102,102,102,102,102,102,102,102},//61
/*62 */{102,102,102,102,102,102,102,102,102,102,102,102,102,63,102,102,102,102,102,102,102,102,102,102,102,102,102,102,102,102,102,102,102,102,102,102,102,102,102,102,102,102},//62
/*63 */{102,102,64,102,102,102,102,102,102,102,102,102,102,102,102,102,102,102,102,102,102,102,102,102,102,102,102,102,102,102,102,102,102,102,102,102,102,102,102,102,102,102},//63
/*64 */{102,102,102,102,65,102,102,102,102,102,102,102,102,102,102,102,102,102,102,102,102,102,102,102,102,102,102,102,102,102,102,102,102,102,102,102,102,102,102,102,102,102},//64
/*65 */{102,102,102,102,102,102,102,102,102,102,102,102,102,102,66,102,102,102,102,102,102,102,102,102,102,102,102,102,102,102,102,102,102,102,102,102,102,102,102,102,102,102},//65
/*66 */{102,102,102,102,102,101,102,102,102,102,102,102,102,102,102,102,102,102,102,102,102,102,102,102,102,102,102,102,102,102,102,102,102,102,102,102,102,102,102,102,102,102},//66
/*67 */{102,102,102,102,102,102,102,102,102,102,102,102,102,102,102,102,102,68,102,102,102,102,102,102,102,102,102,102,102,102,102,102,102,102,102,102,102,102,102,102,102,102},//67
/*68 */{102,102,102,102,102,69,102,102,102,102,102,102,102,102,102,102,102,102,102,102,102,102,102,102,102,102,102,102,102,102,102,102,102,102,102,102,102,102,102,102,102,102},//68
/*69 */{70,102,102,102,102,102,102,102,102,102,102,102,102,102,102,102,102,102,102,102,102,102,102,102,102,102,102,102,102,102,102,102,102,102,102,102,102,102,102,102,102,102},//69
/*70 */{102,102,71,102,102,102,102,102,102,102,102,102,102,102,102,102,102,102,102,102,102,102,102,102,102,102,102,102,102,102,102,102,102,102,102,102,102,102,102,102,102,102},//70
/*71 */{102,102,102,102,101,102,102,102,102,102,102,102,102,102,102,102,102,102,102,102,102,102,102,102,102,102,102,102,102,102,102,102,102,102,102,102,102,102,102,102,102,102},//71
/*72 */{73,73,73,73,73,73,73,73,73,73,73,73,73,73,73,73,73,73,73,73,73,73,73,73,73,73,102,102,102,102,102,102,102,102,102,102,102,102,102,102,102,102},//72
/*73 */{73,73,73,73,73,73,73,73,73,73,73,73,73,73,73,73,73,73,73,73,73,73,73,73,73,73,73,73,73,73,73,73,73,73,73,73,102,102,102,102,74,102},//73
/*74 */{102,102,102,102,102,102,102,102,102,102,102,102,102,102,102,102,102,102,102,102,102,102,102,102,102,102,75,75,75,75,75,75,75,75,75,75,102,102,102,102,102,102},//74
/*75 */{102,102,102,102,102,102,102,102,102,102,102,102,102,102,102,102,102,102,102,102,102,102,102,102,102,102,75,75,75,75,75,75,75,75,75,75,76,102,102,102,102,94},//75
/*76 */{102,102,102,102,102,102,102,102,102,102,102,102,102,102,102,102,102,102,102,102,102,102,102,102,102,102,76,76,76,76,76,76,76,76,76,76,102,102,102,102,102,94},//76
/*77 */{102,102,102,102,102,102,102,102,102,102,102,102,102,102,78,102,102,102,102,102,102,102,102,102,102,102,102,102,102,102,102,102,102,102,102,102,102,102,102,102,102,102},//77
/*78 */{102,102,102,102,102,102,102,102,102,102,102,102,102,79,102,102,102,102,102,102,102,102,102,102,102,102,102,102,102,102,102,102,102,102,102,102,102,102,102,102,102,102},//78
/*79 */{102,102,102,102,102,102,95,102,102,102,102,102,102,102,102,102,102,102,102,102,102,102,102,102,102,102,102,102,102,102,102,102,102,102,102,102,102,102,102,102,102,102},//79
/*80 */{102,102,102,102,102,102,102,81,102,102,102,102,102,102,102,102,102,102,102,102,102,102,102,102,102,102,102,102,102,102,102,102,102,102,102,102,102,102,102,102,102,102},//80
/*81 */{102,102,102,102,102,102,102,102,82,102,102,102,102,102,102,102,102,83,102,102,102,102,102,102,102,102,102,102,102,102,102,102,102,102,102,102,102,102,102,102,102,102},//81
/*82 */{102,102,102,102,102,102,102,102,102,102,102,102,102,102,102,102,102,102,101,102,102,102,102,102,102,102,102,102,102,102,102,102,102,102,102,102,102,102,102,102,102,102},//82
/*83 */{102,102,102,102,102,102,102,102,102,102,102,102,102,102,84,102,102,102,102,102,102,102,102,102,102,102,102,102,102,102,102,102,102,102,102,102,102,102,102,102,102,102},//83
/*84 */{102,102,102,102,102,102,102,102,102,102,102,102,102,102,102,102,102,102,102,102,102,102,96,102,102,102,102,102,102,102,102,102,102,102,102,102,102,102,102,102,102,102},//84
/*85 */{102,102,102,102,102,102,102,102,102,102,102,102,102,102,102,102,102,102,102,102,102,102,102,102,102,102,98,98,98,98,98,98,98,98,98,98,102,102,102,102,102,102},//85
/*86 */{102,102,102,102,102,102,102,102,102,102,102,102,102,102,102,102,102,102,102,102,102,102,102,102,102,102,102,102,102,102,102,102,102,102,102,102,102,87,100,102,102,102},//86
/*87 */{87,87,87,87,87,87,87,87,87,87,87,87,87,87,87,87,87,87,87,87,87,87,87,87,87,87,87,87,87,87,87,87,87,87,87,87,87,88,87,87,87,87},//87
/*88 */{102,102,102,102,102,102,102,102,102,102,102,102,102,102,102,102,102,102,102,102,102,102,102,102,102,102,102,102,102,102,102,102,102,102,102,102,102,102,99,102,102,102},//88
/*89 */{102,102,102,102,102,102,102,102,102,102,102,102,102,102,102,102,102,102,102,102,37,102,102,102,102,102,102,102,102,102,102,102,102,102,102,102,102,102,102,102,102,102},//89
/*90 */{102,102,102,102,102,102,102,102,102,102,102,102,102,102,102,102,102,102,102,102,102,102,102,102,102,102,102,102,102,102,102,102,102,102,102,102,102,102,102,72,102,102},//90
/*91 */{102,102,102,102,102,102,102,102,102,102,102,44,102,102,102,102,102,102,102,102,102,102,102,102,102,102,102,102,102,102,102,102,102,102,102,102,102,102,102,102,102,102},//91
/*92 */{102,102,102,102,102,102,102,102,102,102,102,102,102,102,102,102,102,102,102,102,102,102,102,102,102,102,102,102,102,102,102,102,102,102,102,102,102,102,102,72,102,102},//92
/*93 */{102,102,102,102,67,102,102,102,102,102,102,102,102,102,102,102,102,102,102,102,102,102,102,102,102,102,102,102,102,102,102,102,102,102,102,102,102,102,102,72,102,102},//93
/*94 */{102,102,102,102,102,102,102,102,102,102,102,102,102,102,102,102,102,102,102,102,102,102,102,102,102,102,102,102,102,102,102,102,102,102,102,102,102,102,86,102,102,102},//94
/*95 */{102,102,102,102,102,102,102,102,102,102,102,102,102,102,102,102,102,102,102,102,102,102,102,102,102,102,102,102,102,102,102,102,102,102,102,102,102,102,102,72,102,102},//95
/*96 */{102,102,102,102,102,102,102,102,102,102,102,102,102,102,102,102,102,102,101,102,102,102,102,102,102,102,102,102,102,102,102,102,102,102,102,102,102,102,102,102,102,102},//96
/*97 */{102,102,102,102,102,102,102,102,102,102,102,102,102,102,102,102,102,102,102,102,102,102,102,102,102,102,97,97,97,97,97,97,97,97,97,97,85,102,102,102,102,102},//97
/*98 */{102,102,102,102,102,102,102,102,102,102,102,102,102,102,102,102,102,102,102,102,102,102,102,102,102,102,98,98,98,98,98,98,98,98,98,98,102,102,102,102,102,102},//98
/*99 */{102,102,102,102,102,102,102,102,102,102,102,102,102,102,102,102,102,102,102,102,102,102,102,102,102,102,102,102,102,102,102,102,102,102,102,102,102,102,102,102,102,102},//99
/*100*/{100,100,100,100,100,100,100,100,100,100,100,100,100,100,100,100,100,100,100,100,100,100,100,100,100,100,100,100,100,100,100,100,100,100,100,100,100,100,100,100,100,100},//100
/*101*/{102,102,102,102,102,102,102,102,102,102,102,102,102,102,102,102,102,102,102,102,102,102,102,102,102,102,102,102,102,102,102,102,102,102,102,102,102,102,102,102,102,102},//101
/*102*/{102,102,102,102,102,102,102,102,102,102,102,102,102,102,102,102,102,102,102,102,102,102,102,102,102,102,102,102,102,102,102,102,102,102,102,102,102,102,102,102,102,102},//102
                    